Species: 0 mean fitness: -299.257350235517 best fitness: -95.28458097517884 average_connection_genes: 4.7153284671532845
Species: 1 mean fitness: -236.9177785678894 best fitness: -113.68234361381784 average_connection_genes: 5.6
Species: 2 mean fitness: -125.94880598774365 best fitness: -120.73084090345887 average_connection_genes: 3.3333333333333335
