Species: 0 mean fitness: -412.21765255988714 best fitness: -95.4596118635314 average_connection_genes: 4.583941605839416
Species: 1 mean fitness: -184.00475722768925 best fitness: -92.23838622156 average_connection_genes: 6.285714285714286
Species: 2 mean fitness: -247.98305225851678 best fitness: -114.22596540341769 average_connection_genes: 3.5
