Species: 0 mean fitness: -314.2471235923707 best fitness: 271.28018870539154 average_connection_genes: 31.557692307692307
Species: 1 mean fitness: -45.64303534947497 best fitness: 260.84058267655274 average_connection_genes: 32.064516129032256
Species: 2 mean fitness: -15.876779219817685 best fitness: 274.79166731675497 average_connection_genes: 30.666666666666668
Species: 3 mean fitness: 98.87411874607022 best fitness: 275.3088632142542 average_connection_genes: 30.333333333333332
