Species: 0 mean fitness: -239.27043740109377 best fitness: -81.21873005854482 average_connection_genes: 4.341085271317829
Species: 1 mean fitness: -296.3297259116748 best fitness: -119.00939840301604 average_connection_genes: 4.6875
Species: 2 mean fitness: -239.17969107943296 best fitness: -113.18362717482987 average_connection_genes: 3.8
