Species: 0 mean fitness: -84.2067061366746 best fitness: 268.07278918552936 average_connection_genes: 32.148514851485146
Species: 1 mean fitness: -81.10460062967724 best fitness: 253.28650831010302 average_connection_genes: 32.096774193548384
Species: 2 mean fitness: -47.59177237629022 best fitness: 250.9561729950222 average_connection_genes: 31.5
Species: 3 mean fitness: 78.81801394558937 best fitness: 261.69222451068407 average_connection_genes: 31.125
