Species: 0 mean fitness: -343.7521534300115 best fitness: 273.24330652129834 average_connection_genes: 21.931818181818183
Species: 1 mean fitness: -100.46816085514307 best fitness: 278.53345951841897 average_connection_genes: 21.169014084507044
Species: 2 mean fitness: -13.753264242500814 best fitness: 277.7264682868705 average_connection_genes: 21.24
Species: 3 mean fitness: -136.12725401627068 best fitness: -31.49460756027263 average_connection_genes: 22.1
