Species: 0 mean fitness: -186.2418737664227 best fitness: 271.45450983185106 average_connection_genes: 30.559139784946236
Species: 1 mean fitness: -19.531869691514473 best fitness: 275.01309847765094 average_connection_genes: 30.75438596491228
