Species: 0 mean fitness: -580.6776395812684 best fitness: 211.62294876776346 average_connection_genes: 23.580645161290324
Species: 1 mean fitness: -624.2840975387132 best fitness: 265.982999883261 average_connection_genes: 23.597701149425287
Species: 2 mean fitness: -45.68084706572621 best fitness: -45.68084706572621 average_connection_genes: 24.0
