Species: 0 mean fitness: -171.73365801280514 best fitness: 230.47442926956697 average_connection_genes: 26.423076923076923
Species: 1 mean fitness: -308.42207457681764 best fitness: 274.8784190085009 average_connection_genes: 25.327433628318584
Species: 2 mean fitness: -1173.4320070387366 best fitness: 234.0433416000135 average_connection_genes: 25.818181818181817
