Species: 0 mean fitness: -532.7473754029392 best fitness: 225.3391316652225 average_connection_genes: 15.052238805970148
Species: 1 mean fitness: -385.2525394144878 best fitness: -128.14507520311787 average_connection_genes: 15.6
Species: 2 mean fitness: -2842.447618217681 best fitness: 152.7818221648715 average_connection_genes: 16.727272727272727
