Species: 0 mean fitness: -646.5640299650715 best fitness: 271.2402952964331 average_connection_genes: 18.450381679389313
Species: 1 mean fitness: -286.9009433762637 best fitness: -66.6982286882502 average_connection_genes: 16.666666666666668
Species: 2 mean fitness: -1168.5601382877996 best fitness: 224.61789041163948 average_connection_genes: 18.714285714285715
