Species: 0 mean fitness: -262.582172561915 best fitness: 130.45527953623343 average_connection_genes: 9.323076923076924
Species: 1 mean fitness: -1168.6401994369585 best fitness: -152.5775428955489 average_connection_genes: 9.818181818181818
Species: 2 mean fitness: -1222.5831363186162 best fitness: -18.06799845811802 average_connection_genes: 9.88888888888889
