Species: 0 mean fitness: -256.55170203091467 best fitness: 260.03025351492977 average_connection_genes: 25.666666666666668
Species: 1 mean fitness: -274.3741227363897 best fitness: 270.47905516105556 average_connection_genes: 25.843478260869563
Species: 2 mean fitness: -78.64126467606171 best fitness: 205.08357346231895 average_connection_genes: 25.272727272727273
