Species: 0 mean fitness: -181.31813918438377 best fitness: 267.9085434805227 average_connection_genes: 28.892307692307693
Species: 1 mean fitness: -64.7403927797525 best fitness: 275.3301816186516 average_connection_genes: 28.388235294117646
