Species: 0 mean fitness: -983.9773493922406 best fitness: 232.1709724397454 average_connection_genes: 28.142857142857142
Species: 1 mean fitness: -133.61037136128925 best fitness: 281.81373493824105 average_connection_genes: 25.516129032258064
Species: 2 mean fitness: -132.1321595828277 best fitness: 219.71255044774927 average_connection_genes: 29.4
