Species: 0 mean fitness: -204.17794434396507 best fitness: 244.4706921181392 average_connection_genes: 25.82758620689655
Species: 1 mean fitness: -295.63821162162617 best fitness: 275.5330322450989 average_connection_genes: 24.973913043478262
Species: 2 mean fitness: 2.204136346580301 best fitness: 271.441808266016 average_connection_genes: 26.833333333333332
