Species: 0 mean fitness: -240.51472209581482 best fitness: 246.5423647946015 average_connection_genes: 26.25925925925926
Species: 1 mean fitness: -217.1983564005928 best fitness: 286.40394992586255 average_connection_genes: 25.12727272727273
Species: 2 mean fitness: -348.07536789907624 best fitness: 205.4810666121863 average_connection_genes: 25.846153846153847
