Species: 0 mean fitness: -533.4269889006029 best fitness: 281.67141545607285 average_connection_genes: 31.0
Species: 1 mean fitness: -228.8240681293472 best fitness: 276.6104470690258 average_connection_genes: 30.395061728395063
