Species: 0 mean fitness: -857.0158954126374 best fitness: 211.80058390435752 average_connection_genes: 13.367647058823529
Species: 1 mean fitness: -265.76917000399436 best fitness: -91.56960454014695 average_connection_genes: 12.125
Species: 2 mean fitness: -234.48675694028347 best fitness: 138.7117440729628 average_connection_genes: 12.333333333333334
