Species: 0 mean fitness: -356.9737572111987 best fitness: 283.76611514081685 average_connection_genes: 17.558139534883722
Species: 1 mean fitness: -71.52059959350201 best fitness: -29.147908235315498 average_connection_genes: 17.0
Species: 2 mean fitness: -356.7926368812606 best fitness: -78.15715273157225 average_connection_genes: 18.857142857142858
Species: 3 mean fitness: -239.10821272836074 best fitness: -35.255597478933524 average_connection_genes: 18.555555555555557
