Species: 0 mean fitness: -306.7294630814753 best fitness: 50.288560488828075 average_connection_genes: 8.422535211267606
Species: 1 mean fitness: -372.89586018545054 best fitness: -55.38331706114752 average_connection_genes: 9.666666666666666
Species: 2 mean fitness: -176.08570461132624 best fitness: -71.05110962011877 average_connection_genes: 8.5
