Species: 0 mean fitness: -348.8451084417409 best fitness: 193.6622834961307 average_connection_genes: 10.623188405797102
Species: 1 mean fitness: -248.33651625695828 best fitness: -43.246911180477824 average_connection_genes: 10.75
Species: 2 mean fitness: -101.1116736971648 best fitness: -4.743810766401262 average_connection_genes: 10.75
