Species: 0 mean fitness: -393.9669202900112 best fitness: 248.21706997653968 average_connection_genes: 13.704
Species: 1 mean fitness: -373.0183790172825 best fitness: -56.49076433617181 average_connection_genes: 14.916666666666666
Species: 2 mean fitness: -1797.459903988603 best fitness: 207.76225257312103 average_connection_genes: 13.846153846153847
