Species: 0 mean fitness: -223.37375543068092 best fitness: 244.57762494046338 average_connection_genes: 11.91304347826087
Species: 1 mean fitness: -184.8030638523923 best fitness: -79.7573814163551 average_connection_genes: 11.1
Species: 2 mean fitness: -136.6843145446467 best fitness: -113.28319521881122 average_connection_genes: 9.5
