Species: 0 mean fitness: -463.64459744376205 best fitness: 270.385885803246 average_connection_genes: 17.5078125
Species: 1 mean fitness: -151.00718425558108 best fitness: -99.00167411696583 average_connection_genes: 14.214285714285714
Species: 2 mean fitness: -771.5950665893432 best fitness: -16.858625606618734 average_connection_genes: 20.5
Species: 3 mean fitness: -1143.6059686681465 best fitness: -120.67341642943427 average_connection_genes: 21.5
