Species: 0 mean fitness: -200.27820384441924 best fitness: 252.01053098745055 average_connection_genes: 25.129032258064516
Species: 1 mean fitness: -527.9910912684213 best fitness: 266.0933990621517 average_connection_genes: 25.11111111111111
Species: 2 mean fitness: -203.92734870957082 best fitness: 178.84656870991688 average_connection_genes: 26.272727272727273
