Species: 0 mean fitness: -611.86147036201 best fitness: 231.1635713516432 average_connection_genes: 13.246478873239436
Species: 1 mean fitness: -1574.51089953252 best fitness: -85.38156247969684 average_connection_genes: 13.25
Species: 2 mean fitness: -179.6946897625483 best fitness: 127.98900104131314 average_connection_genes: 12.5
