Species: 0 mean fitness: -177.04060674143616 best fitness: 269.3116470343905 average_connection_genes: 30.45614035087719
Species: 1 mean fitness: -1044.9878127141897 best fitness: 266.80077093331255 average_connection_genes: 31.194444444444443
