Species: 0 mean fitness: -517.2919706306051 best fitness: 239.26149221060138 average_connection_genes: 13.454545454545455
Species: 1 mean fitness: -143.53366602912274 best fitness: -51.570653749540426 average_connection_genes: 14.3
Species: 2 mean fitness: -124.3258655026732 best fitness: 195.23202967568454 average_connection_genes: 12.0
