Species: 0 mean fitness: -1801.4558333917757 best fitness: 16.29377742121094 average_connection_genes: 22.157894736842106
Species: 1 mean fitness: -264.4395638529274 best fitness: 270.7202799247787 average_connection_genes: 20.775
Species: 2 mean fitness: -66.26794165160112 best fitness: 279.66304997691816 average_connection_genes: 20.5
Species: 3 mean fitness: -116.62726321598534 best fitness: 6.4572686189198745 average_connection_genes: 22.1
