Species: 0 mean fitness: -229.2894157446714 best fitness: 253.9332831879483 average_connection_genes: 27.235294117647058
Species: 1 mean fitness: -319.8728541591889 best fitness: 283.6220085900569 average_connection_genes: 25.33884297520661
Species: 2 mean fitness: 8.736149196530093 best fitness: 263.512076829539 average_connection_genes: 27.416666666666668
