Species: 0 mean fitness: -721.292424600139 best fitness: 219.248570453249 average_connection_genes: 24.71698113207547
Species: 1 mean fitness: -493.82063044463706 best fitness: 276.5595599988852 average_connection_genes: 24.361702127659573
Species: 2 mean fitness: -592.1144604187301 best fitness: -434.05159968513726 average_connection_genes: 24.333333333333332
