Species: 0 mean fitness: -262.236013472358 best fitness: 272.6606616992366 average_connection_genes: 25.666666666666668
Species: 1 mean fitness: -56.8990421068589 best fitness: 276.1891797270207 average_connection_genes: 25.482456140350877
Species: 2 mean fitness: -11.746138577610035 best fitness: 206.73108155070577 average_connection_genes: 25.5
