Species: 0 mean fitness: -318.88608839247195 best fitness: 220.354782855515 average_connection_genes: 23.60377358490566
Species: 1 mean fitness: -376.3107433904646 best fitness: 231.0378273072434 average_connection_genes: 23.73913043478261
Species: 2 mean fitness: -118.26562095776062 best fitness: 245.38482561658503 average_connection_genes: 24.2
